100000
100001
100002
100003
100004
100005
100006
100007
100008
100009
100010
100011
100012
100013
100014
100015
100016
100017
100018
100019
100020
100021
100022
100023
100024
100025
100026
100027
100028
100029
100030
100031
100032
100033
100034
100035
100036
100037
100038
100039
800000
800001
800002
800003
800004
800005
800006
800007
800008
800009
800010
800011
800012
800013
800014
800015
800016
800017
800018
800019
800020
800021
800022
800023
800024
800025
800026
800027
800028
800029
800030
800031
800032
800033
800034
800035
800036
800037
800038
800039
800040
800041
800042
800043
800044
800045
800046
800047
800048
800049
800050
800051
800052
800053
800054
800055
800056
800057
800058
800059
800060
800061
800062
800063
800064
800065
800066
800067
800068
800069
800070
800071
800072
800073
800074
800075
800076
800077
800078
800079
800080
800081
800082
800083
800084
800085
800086
800087
800088
800089
800090
800091
800092
800093
800094
800095
800096
800097
800098
800099
800100
800101
800102
800103
800104
800105
800106
800107
800108
800109
800110
800111
800112
800113
800114
800115
800116
800117
800118
800119
800120
800121
800122
800123
800124
800125
800126
800127
800128
800129
800130
800131
800132
800133
800134
800135
800136
800137
800138
800139
800140
800141
800142
800143
800144
800145
800146
800147
800148
800149
800150
800151
800152
800153
800154
800155
800156
800157
800158
800159
800160
800161
800162
800163
800164
800165
800166
800167
800168
800169
800170
800171
800172
800173
800174
800175
800176
800177
800178
800179
800180
800181
800182
800183
800184
800185
800186
800187
800188
800189
800190
800191
800192
800193
800194
800195
800196
800197
800198
800199
800200
800201
800202
800203
800204
800205
800206
800207
800208
800209
800210
800211
800212
800213
800214
800215
800216
800217
800218
800219
800220
800221
800222
800223
800224
800225
800226
800227
800228
800229
800230
800231
800232
800233
800234
800235
800236
800237
800238
800239
800240
800241
800242
800243
800244
800245
800246
800247
800248
800249
800250
800251
800252
800253
800254
800255
800256
800257
800258
800259
800260
800261
800262
800263
800264
800265
800266
800267
800268
800269
800270
800271
800272
800273
800274
800275
800276
800277
800278
800279
800280
800281
800282
800283
800284
800285
800286
800287
800288
800289
800290
800291
800292
800293
800294
800295
800296
800297
800298
800299
800300
800301
800302
800303
800304
800305
800306
800307
800308
800309
800310
800311
800312
800313
800314
800315
800316
800317
800318
800319
800320
800321
800322
800323
800324
800325
800326
800327
800328
800329
800330
800331
800332
800333
800334
800335
800336
800337
800338
800339
800340
800341
800342
800343
800344
800345
800346
800347
800348
800349
800350
800351
800352
800353
800354
800355
800356
800357
800358
800359
800360
800361
800362
800363
800364
800365
800366
800367
800368
800369
800370
800371
800372
800373
800374
800375
800376
800377
800378
800379
800380
800381
800382
800383
800384
800385
800386
800387
800388
800389
800390
800391
800392
800393
800394
800395
800396
800397
800398
800399
800400
800401
800402
800403
800404
800405
800406
800407
800408
800409
800410
800411
800412
800413
800414
800415
800416
800417
800418
800419
800420
800421
800422
800423
800424
800425
800426
800427
800428
800429
800430
800431
800432
800433
800434
800435
800436
800437
800438
800439
800440
800441
800442
800443
800444
800445
800446
800447
800448
800449
800450
800451
800452
800453
800454
800455
800456
800457
800458
800459
800460
800461
800462
800463
800464
800465
800466
800467
800468
800469
800470
800471
800472
800473
800474
800475
800476
800477
800478
800479
800480
800481
800482
800483
800484
800485
800486
800487
800488
800489
800490
800491
800492
800493
800494
800495
800496
800497
800498
800499
800500
800501
800502
800503
800504
800505
800506
800507
800508
800509
800510
800511
800512
800513
800514
800515
800516
800517
800518
800519
800520
800521
800522
800523
800524
800525
800526
800527
800528
800529
800530
800531
800532
800533
800534
800535
800536
800537
800538
800539
800540
800541
800542
800543
800544
800545
800546
800547
800548
800549
800550
800551
800552
800553
800554
800555
800556
800557
800558
800559
800560
800561
800562
800563
800564
800565
800566
800567
800568
800569
800570
800571
800572
800573
800574
800575
800576
800577
800578
800579
800580
800581
800582
800583
800584
800585
800586
800587
800588
800589
800590
800591
800592
800593
800594
800595
800596
800597
800598
800599
800600
800601
800602
800603
800604
800605
800606
800607
800608
800609
800610
800611
800612
800613
800614
800615
800616
800617
800618
800619
800620
800621
800622
800623
800624
800625
800626
800627
800628
800629
800630
800631
800632
800633
800634
800635
800636
800637
800638
800639
800640
800641
800642
800643
800644
800645
800646
800647
800648
800649
800650
800651
800652
800653
800654
800655
800656
800657
800658
800659
800660
800661
800662
800663
800664
800665
800666
800667
800668
800669
800670
800671
800672
800673
800674
800675
800676
800677
800678
800679
800680
800681
800682
800683
800684
800685
800686
800687
800688
800689
800690
800691
800692
800693
800694
800695
800696
800697
800698
800699
800700
800701
800702
800703
800704
800705
800706
800707
800708
800709
800710
800711
800712
800713
800714
800715
800716
800717
800718
800719
800720
800721
800722
800723
800724
800725
800726
800727
800728
800729
800730
800731
800732
800733
800734
800735
800736
800737
800738
800739
800740
800741
800742
800743
800744
800745
800746
800747
800748
800749
800750
800751
800752
800753
800754
800755
800756
800757
800758
800759
800760
800761
800762
800763
800764
800765
800766
800767
800768
800769
800770
800771
800772
800773
800774
800775
800776
800777
800778
800779
800780
800781
800782
800783
800784
800785
800786
800787
800788
800789
800790
800791
800792
800793
800794
800795
800796
800797
800798
800799
800800
800801
800802
800803
800804
800805
800806
800807
800808
800809
800810
800811
800812
800813
800814
800815
800816
800817
800818
800819
800820
800821
800822
800823
800824
800825
800826
800827
800828
800829
800830
800831
800832
800833
800834
800835
800836
800837
800838
800839
800840
800841
800842
800843
800844
800845
800846
800847
800848
800849
800850
800851
800852
800853
800854
800855
800856
800857
800858
800859
800860
800861
800862
800863
800864
800865
800866
800867
800868
800869
800870
800871
800872
800873
800874
800875
800876
800877
800878
800879
800880
800881
800882
800883
800884
800885
800886
800887
800888
800889
800890
800891
800892
800893
800894
800895
800896
800897
800898
800899
800900
800901
800902
800903
800904
800905
800906
800907
800908
800909
800910
800911
800912
800913
800914
800915
800916
800917
800918
800919
800920
800921
800922
800923
800924
800925
800926
800927
800928
800929
800930
800931
800932
800933
800934
800935
800936
800937
800938
800939
800940
800941
800942
800943
800944
800945
800946
800947
800948
800949
800950
800951
800952
800953
800954
800955
800956
800957
800958
800959
800960
800961
800962
800963
800964
800965
800966
800967
800968
800969
800970
800971
800972
800973
800974
800975
800976
800977
800978
800979
800980
800981
800982
800983
800984
800985
800986
800987
800988
800989
800990
800991
800992
800993
800994
800995
800996
800997
800998
800999
801000
801001
801002
801003
801004
801005
801006
801007
801008
801009
801010
801011
801012
801013
801014
801015
801016
801017
801018
801019
801020
801021
801022
801023
801024
801025
801026
801027
801028
801029
801030
801031
801032
801033
801034
801035
801036
801037
801038
801039
801040
801041
801042
801043
801044
801045
801046
801047
801048
801049
801050
801051
801052
801053
801054
801055
801056
801057
801058
801059
801060
801061
801062
801063
801064
801065
801066
801067
801068
801069
801070
801071
801072
801073
801074
801075
801076
801077
801078
801079
801080
801081
801082
801083
801084
801085
801086
801087
801088
801089
801090
801091
801092
801093
801094
801095
801096
801097
801098
801099
801100
801101
801102
801103
801104
801105
801106
801107
801108
801109
801110
801111
801112
801113
801114
801115
801116
801117
801118
801119
801120
801121
801122
801123
801124
801125
801126
801127
801128
801129
801130
801131
801132
801133
801134
801135
801136
801137
801138
801139
801140
801141
801142
801143
801144
801145
801146
801147
801148
801149
801150
801151
801152
801153
801154
801155
801156
801157
801158
801159
801160
801161
801162
801163
801164
801165
801166
801167
801168
801169
801170
801171
801172
801173
801174
801175
801176
801177
801178
801179
801180
801181
801182
801183
801184
801185
801186
801187
801188
801189
801190
801191
801192
801193
801194
801195
801196
801197
801198
801199
801200
801201
801202
801203
801204
801205
801206
801207
801208
801209
801210
801211
801212
801213
801214
801215
801216
801217
801218
801219
801220
801221
801222
801223
801224
801225
801226
801227
801228
801229
801230
801231
801232
801233
801234
801235
801236
801237
801238
801239
801240
801241
801242
801243
801244
801245
801246
801247
801248
801249
801250
801251
801252
801253
801254
801255
801256
801257
801258
801259
801260
801261
801262
801263
801264
801265
801266
801267
801268
801269
801270
801271
801272
801273
801274
801275
801276
801277
801278
801279
801280
801281
801282
801283
801284
801285
801286
801287
801288
801289
801290
801291
801292
801293
801294
801295
801296
801297
801298
801299
801300
801301
801302
801303
801304
801305
801306
801307
801308
801309
801310
801311
801312
801313
801314
801315
801316
801317
801318
801319
801320
801321
801322
801323
801324
801325
801326
801327
801328
801329
801330
801331
801332
801333
801334
801335
801336
801337
801338
801339
801340
801341
801342
801343
801344
801345
801346
801347
801348
801349
801350
801351
801352
801353
801354
801355
801356
801357
801358
801359
801360
801361
801362
801363
801364
801365
801366
801367
801368
801369
801370
801371
801372
801373
801374
801375
801376
801377
801378
801379
801380
801381
801382
801383
801384
801385
801386
801387
801388
801389
801390
801391
801392
801393
801394
801395
801396
801397
801398
801399
801400
801401
801402
801403
801404
801405
801406
801407
801408
801409
801410
801411
801412
801413
801414
801415
801416
801417
801418
801419
801420
801421
801422
801423
801424
801425
801426
801427
801428
801429
801430
801431
801432
801433
801434
801435
801436
801437
801438
801439
801440
801441
801442
801443
801444
801445
801446
801447
801448
801449
801450
801451
801452
801453
801454
801455
801456
801457
801458
801459
801460
801461
801462
801463
801464
801465
801466
801467
801468
801469
801470
801471
801472
801473
801474
801475
801476
801477
801478
801479
801480
801481
801482
801483
801484
801485
801486
801487
801488
801489
801490
801491
801492
801493
801494
801495
801496
801497
801498
801499
801500
801501
801502
801503
801504
801505
801506
801507
801508
801509
801510
801511
801512
801513
801514
801515
801516
801517
801518
801519
801520
801521
801522
801523
801524
801525
801526
801527
801528
801529
801530
801531
801532
801533
801534
801535
801536
801537
801538
801539
801540
801541
801542
801543
801544
801545
801546
801547
801548
801549
801550
801551
801552
801553
801554
801555
801556
801557
801558
801559
801560
801561
801562
801563
801564
801565
801566
801567
801568
801569
801570
801571
801572
801573
801574
801575
801576
801577
801578
801579
801580
801581
801582
801583
801584
801585
801586
801587
801588
801589
801590
801591
801592
801593
801594
801595
801596
801597
801598
801599
801600
801601
801602
801603
801604
801605
801606
801607
801608
801609
801610
801611
801612
801613
801614
801615
801616
801617
801618
801619
801620
801621
801622
801623
801624
801625
801626
801627
801628
801629
801630
801631
801632
801633
801634
801635
801636
801637
801638
801639
801640
801641
801642
801643
801644
801645
801646
801647
801648
801649
801650
801651
801652
801653
801654
801655
801656
801657
801658
801659
801660
801661
801662
801663
801664
801665
801666
801667
801668
801669
801670
801671
801672
801673
801674
801675
801676
801677
801678
801679
801680
801681
801682
801683
801684
801685
801686
801687
801688
801689
801690
801691
801692
801693
801694
801695
801696
801697
801698
801699
801700
801701
801702
801703
801704
801705
801706
801707
801708
801709
801710
801711
801712
801713
801714
801715
801716
801717
801718
801719
801720
801721
801722
801723
801724
801725
801726
801727
801728
801729
801730
801731
801732
801733
801734
801735
801736
801737
801738
801739
801740
801741
801742
801743
801744
801745
801746
801747
801748
801749
801750
801751
801752
801753
801754
801755
801756
801757
801758
801759
801760
801761
801762
801763
801764
801765
801766
801767
801768
801769
801770
801771
801772
801773
801774
801775
801776
801777
801778
801779
801780
801781
801782
801783
801784
801785
801786
801787
801788
801789
801790
801791
801792
801793
801794
801795
801796
801797
801798
801799
801800
801801
801802
801803
801804
801805
801806
801807
801808
801809
801810
801811
801812
801813
801814
801815
801816
801817
801818
801819
801820
801821
801822
801823
801824
801825
801826
801827
801828
801829
801830
801831
801832
801833
801834
801835
801836
801837
801838
801839
801840
801841
801842
801843
801844
801845
801846
801847
801848
801849
801850
801851
801852
801853
801854
801855
801856
801857
801858
801859
801860
801861
801862
801863
801864
801865
801866
801867
801868
801869
801870
801871
801872
801873
801874
801875
801876
801877
801878
801879
801880
801881
801882
801883
801884
801885
801886
801887
801888
801889
801890
801891
801892
801893
801894
801895
801896
801897
801898
801899
801900
801901
801902
801903
801904
801905
801906
801907
801908
801909
801910
801911
801912
801913
801914
801915
801916
801917
801918
801919
801920
801921
801922
801923
801924
801925
801926
801927
801928
801929
801930
801931
801932
801933
801934
801935
801936
801937
801938
801939
801940
801941
801942
801943
801944
801945
801946
801947
801948
801949
801950
801951
801952
801953
801954
801955
801956
801957
801958
801959
801960
801961
801962
801963
801964
801965
801966
801967
801968
801969
801970
801971
801972
801973
801974
801975
801976
801977
801978
801979
801980
801981
801982
801983
801984
801985
801986
801987
801988
801989
801990
801991
801992
801993
801994
801995
801996
801997
801998
801999
802000
802001
802002
802003
802004
802005
802006
802007
802008
802009
802010
802011
802012
802013
802014
802015
802016
802017
802018
802019
802020
802021
802022
802023
802024
802025
802026
802027
802028
802029
802030
802031
802032
802033
802034
802035
802036
802037
802038
802039
802040
802041
802042
802043
802044
802045
802046
802047
802048
802049
802050
802051
802052
802053
802054
802055
802056
802057
802058
802059
802060
802061
802062
802063
802064
802065
802066
802067
802068
802069
802070
802071
802072
802073
802074
802075
802076
802077
802078
802079
802080
802081
802082
802083
802084
802085
802086
802087
802088
802089
802090
802091
802092
802093
802094
802095
802096
802097
802098
802099
802100
802101
802102
802103
802104
802105
802106
802107
802108
802109
802110
802111
802112
802113
802114
802115
802116
802117
802118
802119
802120
802121
802122
802123
802124
802125
802126
802127
802128
802129
802130
802131
802132
802133
802134
802135
802136
802137
802138
802139
802140
802141
802142
802143
802144
802145
802146
802147
802148
802149
802150
802151
802152
802153
802154
802155
802156
802157
802158
802159
802160
802161
802162
802163
802164
802165
802166
802167
802168
802169
802170
802171
802172
802173
802174
802175
802176
802177
802178
802179
802180
802181
802182
802183
802184
802185
802186
802187
802188
802189
802190
802191
802192
802193
802194
802195
802196
802197
802198
802199
802200
802201
802202
802203
802204
802205
802206
802207
802208
802209
802210
802211
802212
802213
802214
802215
802216
802217
802218
802219
802220
802221
802222
802223
802224
802225
802226
802227
802228
802229
802230
802231
802232
802233
802234
802235
802236
802237
802238
802239
802240
802241
802242
802243
802244
802245
802246
802247
802248
802249
802250
802251
802252
802253
802254
802255
802256
802257
802258
802259
802260
802261
802262
802263
802264
802265
802266
802267
802268
802269
802270
802271
802272
802273
802274
802275
802276
802277
802278
802279
802280
802281
802282
802283
802284
802285
802286
802287
802288
802289
802290
802291
802292
802293
802294
802295
802296
802297
802298
802299
802300
802301
802302
802303
802304
802305
802306
802307
802308
802309
802310
802311
802312
802313
802314
802315
802316
802317
802318
802319
802320
802321
802322
802323
802324
802325
802326
802327
802328
802329
802330
802331
802332
802333
802334
802335
802336
802337
802338
802339
802340
802341
802342
802343
802344
802345
802346
802347
802348
802349
802350
802351
802352
802353
802354
802355
802356
802357
802358
802359
802360
802361
802362
802363
802364
802365
802366
802367
802368
802369
802370
802371
802372
802373
802374
802375
802376
802377
802378
802379
802380
802381
802382
802383
802384
802385
802386
802387
802388
802389
802390
802391
802392
802393
802394
802395
802396
802397
802398
802399
802400
802401
802402
802403
802404
802405
802406
802407
802408
802409
802410
802411
802412
802413
802414
802415
802416
802417
802418
802419
802420
802421
802422
802423
802424
802425
802426
802427
802428
802429
802430
802431
802432
802433
802434
802435
802436
802437
802438
802439
802440
802441
802442
802443
802444
802445
802446
802447
802448
802449
802450
802451
802452
802453
802454
802455
802456
802457
802458
802459
802460
802461
802462
802463
802464
802465
802466
802467
802468
802469
802470
802471
802472
802473
802474
802475
802476
802477
802478
802479
802480
802481
802482
802483
802484
802485
802486
802487
802488
802489
802490
802491
802492
802493
802494
802495
802496
802497
802498
802499
802500
802501
802502
802503
802504
802505
802506
802507
802508
802509
802510
802511
802512
802513
802514
802515
802516
802517
802518
802519
802520
802521
802522
802523
802524
802525
802526
802527
802528
802529
802530
802531
802532
802533
802534
802535
802536
802537
802538
802539
802540
802541
802542
802543
802544
802545
802546
802547
802548
802549
802550
802551
802552
802553
802554
802555
802556
802557
802558
802559
802560
802561
802562
802563
802564
802565
802566
802567
802568
802569
802570
802571
802572
802573
802574
802575
802576
802577
802578
802579
802580
802581
802582
802583
802584
802585
802586
802587
802588
802589
802590
802591
802592
802593
802594
802595
802596
802597
802598
802599
802600
802601
802602
802603
802604
802605
802606
802607
802608
802609
802610
802611
802612
802613
802614
802615
802616
802617
802618
802619
802620
802621
802622
802623
802624
802625
802626
802627
802628
802629
802630
802631
802632
802633
802634
802635
802636
802637
802638
802639
802640
802641
802642
802643
802644
802645
802646
802647
802648
802649
802650
802651
802652
802653
802654
802655
802656
802657
802658
802659
802660
802661
802662
802663
802664
802665
802666
802667
802668
802669
802670
802671
802672
802673
802674
802675
802676
802677
802678
802679
802680
802681
802682
802683
802684
802685
802686
802687
802688
802689
802690
802691
802692
802693
802694
802695
802696
802697
802698
802699
802700
802701
802702
802703
802704
802705
802706
802707
802708
802709
802710
802711
802712
802713
802714
802715
802716
802717
802718
802719
802720
802721
802722
802723
802724
802725
802726
802727
802728
802729
802730
802731
802732
802733
802734
802735
802736
802737
802738
802739
802740
802741
802742
802743
802744
802745
802746
802747
802748
802749
802750
802751
802752
802753
802754
802755
802756
802757
802758
802759
802760
802761
802762
802763
802764
802765
802766
802767
802768
802769
802770
802771
802772
802773
802774
802775
802776
802777
802778
802779
802780
802781
802782
802783
802784
802785
802786
802787
802788
802789
802790
802791
802792
802793
802794
802795
802796
802797
802798
802799
802800
802801
802802
802803
802804
802805
802806
802807
802808
802809
802810
802811
802812
802813
802814
802815
802816
802817
802818
802819
802820
802821
802822
802823
802824
802825
802826
802827
802828
802829
802830
802831
802832
802833
802834
802835
802836
802837
802838
802839
802840
802841
802842
802843
802844
802845
802846
802847
802848
802849
802850
802851
802852
802853
802854
802855
802856
802857
802858
802859
802860
802861
802862
802863
802864
802865
802866
802867
802868
802869
802870
802871
802872
802873
802874
802875
802876
802877
802878
802879
802880
802881
802882
802883
802884
802885
802886
802887
802888
802889
802890
802891
802892
802893
802894
802895
802896
802897
802898
802899
802900
802901
802902
802903
802904
802905
802906
802907
802908
802909
802910
802911
802912
802913
802914
802915
802916
802917
802918
802919
802920
802921
802922
802923
802924
802925
802926
802927
802928
802929
802930
802931
802932
802933
802934
802935
802936
802937
802938
802939
802940
802941
802942
802943
0
1
2
3
4
5
6
7
8
000000
000001
000002
000003
000004
000005
000006
000007
000008
000009
000010
000011
000012
000013
000014
000015
000016
000017
000018
000019
000020
000021
000022
000023
000024
000025
000026
000027
000028
000029
000030
000031
000032
000033
000034
000035
000036
000037
000038
000039
000040
000041
000042
000043
000044
000045
000046
000047
000048
000049
000050
000051
000052
000053
000054
000055
000056
000057
000058
000059
000060
000061
000062
000063
000064
000065
000066
000067
000068
000069
000070
000071
000072
000073
000074
000075
000076
000077
000078
000079
000080
000081
000082
000083
000084
000085
000086
000087
000088
000089
000090
000091
000092
000093
000094
000095
000096
000097
000098
000099
000100
000101
000102
000103
000104
000105
000106
000107
000108
000109
000110
000111
000112
000113
000114
000115
000116
000117
000118
000119
000120
000121
000122
000123
000124
000125
000126
000127
000128
000129
000130
000131
000132
000133
000134
000135
000136
000137
000138
000139
000140
000141
000142
000143
000144
000145
000146
000147
000148
000149
000150
000151
000152
000153
000154
000155
000156
000157
000158
000159
000160
000161
000162
000163
000164
000165
000166
000167
000168
000169
000170
000171
000172
000173
000174
000175
000176
000177
000178
000179
000180
000181
000182
000183
000184
000185
000186
000187
000188
000189
000190
000191
000192
000193
000194
000195
000196
000197
000198
000199
000200
000201
000202
000203
000204
000205
000206
000207
000208
000209
000210
000211
000212
000213
000214
000215
000216
000217
000218
000219
000220
000221
000222
000223
000224
000225
000226
000227
000228
000229
000230
000231
000232
000233
000234
000235
000236
000237
000238
000239
000240
000241
000242
000243
000244
000245
000246
000247
000248
000249
000250
000251
000252
000253
000254
000255
000256
000257
000258
000259
000260
000261
000262
000263
000264
000265
000266
000267
000268
000269
000270
000271
000272
000273
000274
000275
000276
000277
000278
000279
000280
000281
000282
000283
000284
000285
000286
000287
000288
000289
000290
000291
000292
000293
000294
000295
000296
000297
000298
000299
000300
000301
000302
000303
000304
000305
000306
000307
000308
000309
000310
000311
000312
000313
000314
000315
000316
000317
000318
000319
000320
000321
000322
000323
000324
000325
000326
000327
000328
000329
000330
000331
000332
000333
000334
000335
000336
000337
000338
000339
000340
000341
000342
000343
000344
000345
000346
000347
000348
000349
000350
000351
000352
000353
000354
000355
000356
000357
000358
000359
000360
000361
000362
000363
000364
000365
000366
000367
000368
000369
000370
000371
000372
000373
000374
000375
000376
000377
000378
000379
000380
000381
000382
000383
000384
000385
000386
000387
000388
000389
000390
000391
000392
000393
000394
000395
000396
000397
000398
000399
000400
000401
000402
000403
000404
000405
000406
000407
000408
000409
000410
000411
000412
000413
000414
000415
000416
000417
000418
000419
000420
000421
000422
000423
000424
000425
000426
000427
000428
000429
000430
000431
000432
000433
000434
000435
000436
000437
000438
000439
000440
000441
000442
000443
000444
000445
000446
000447
000448
000449
000450
000451
000452
000453
000454
000455
000456
000457
000458
000459
000460
000461
000462
000463
000464
000465
000466
000467
000468
000469
000470
000471
000472
000473
000474
000475
000476
000477
000478
000479
000480
000481
000482
000483
000484
000485
000486
000487
000488
000489
000490
000491
000492
000493
000494
000495
000496
000497
000498
000499
000500
000501
000502
000503
000504
000505
000506
000507
000508
000509
000510
000511
000512
000513
000514
000515
000516
000517
000518
000519
000520
000521
000522
000523
000524
000525
000526
000527
000528
000529
000530
000531
000532
000533
000534
000535
000536
000537
000538
000539
000540
000541
000542
000543
000544
000545
000546
000547
000548
000549
000550
000551
000552
000553
000554
000555
000556
000557
000558
000559
000560
000561
000562
000563
000564
000565
000566
000567
000568
000569
000570
000571
000572
000573
000574
000575
000576
000577
000578
000579
000580
000581
000582
000583
000584
000585
000586
000587
000588
000589
000590
000591
000592
000593
000594
000595
000596
000597
000598
000599
000600
000601
000602
000603
000604
000605
000606
000607
000608
000609
000610
000611
000612
000613
000614
000615
000616
000617
000618
000619
000620
000621
000622
000623
000624
000625
000626
000627
000628
000629
000630
000631
000632
000633
000634
000635
000636
000637
000638
000639
000640
000641
000642
000643
000644
000645
000646
000647
000648
000649
000650
000651
000652
000653
000654
000655
000656
000657
000658
000659
000660
000661
000662
000663
000664
000665
000666
000667
000668
000669
000670
000671
000672
000673
000674
000675
000676
000677
000678
000679
000680
000681
000682
000683
000684
000685
000686
000687
000688
000689
000690
000691
000692
000693
000694
000695
000696
000697
000698
000699
000700
000701
000702
000703
000704
000705
000706
000707
000708
000709
000710
000711
000712
000713
000714
000715
000716
000717
000718
000719
000720
000721
000722
000723
000724
000725
000726
000727
000728
000729
000730
000731
000732
000733
000734
000735
000736
000737
000738
000739
000740
000741
000742
000743
000744
000745
000746
000747
000748
000749
000750
000751
000752
000753
000754
000755
000756
000757
000758
000759
000760
000761
000762
000763
000764
000765
000766
000767
000768
000769
000770
000771
000772
000773
000774
000775
000776
000777
000778
000779
000780
000781
000782
000783
000784
000785
000786
000787
000788
000789
000790
000791
000792
000793
000794
000795
000796
000797
000798
000799
000800
000801
000802
000803
000804
000805
000806
000807
000808
000809
000810
000811
000812
000813
000814
000815
000816
000817
000818
000819
000820
000821
000822
000823
000824
000825
000826
000827
000828
000829
000830
000831
000832
000833
000834
000835
000836
000837
000838
000839
000840
000841
000842
000843
000844
000845
000846
000847
000848
000849
000850
000851
000852
000853
000854
000855
000856
000857
000858
000859
000860
000861
000862
000863
000864
000865
000000
000001
000002
000003
000004
000005
000006
000007
000008
000009
000010
000011
000012
000013
000000
000001
000002
000003
000004
000005
000006
000007
000008
000009
000010
000011
000012
000013
000014
000015
000016
000017
000018
000019
000020
000021
000022
000023
000024
000025
000026
000027
000028
000029
000030
000031
000032
000033
000034
000035
000036
000037
000038
000039
000040
000041
000042
000043
000044
000045
000046
000047
000048
000049
000050
000051
000052
000053
000054
000055
000056
000057
000058
000059
000060
000061
000062
000063
000064
000065
000066
000067
000068
000069
000070
000071
000072
000073
000074
000075
000076
000077
000078
000079
000080
000081
000082
000083
000084
000085
000086
000087
000088
000089
000090
000091
000092
000093
000094
000095
000096
000097
000098
000099
000100
000101
000102
000103
000104
000105
000106
000107
000108
000109
000110
000111
000112
000113
000114
000115
000116
000117
000118
000119
000120
000121
000122
000123
000124
000125
000126
000127
000128
000129
000130
000131
000132
000133
000134
000135
000136
000137
000138
000139
000140
000141
000142
000143
000144
000145
000146
000147
000148
000149
000150
000151
000152
000153
000154
000155
000156
000157
000158
000159
000160
000161
000162
000163
000164
000165
000166
000167
000168
000169
000170
000171
000172
000173
000174
000175
000176
000177
000178
000179
000180
000181
000182
000183
000184
000185
000186
000187
000188
000189
000190
000191
000192
000193
000194
000195
000196
000197
000198
000199
000200
000201
000202
000203
000204
000205
000206
000207
000208
000209
000210
000211
000212
000213
000214
000215
000216
000217
000218
000219
000220
000221
000222
000223
000224
000225
000226
000227
000228
000229
000230
000231
000232
000233
000234
000235
000236
000237
000238
000239
000240
000241
000242
000243
000244
000245
000246
000247
000248
000249
000250
000251
000252
000253
000254
000255
000256
000257
000258
000259
000260
000261
000262
000263
000264
000265
000266
000267
000268
000269
000270
000271
000272
000273
000274
000275
000276
000277
000278
000279
000280
000281
000282
000283
000284
000285
000286
000287
000288
000289
000290
000291
000292
000293
000294
000295
000296
000297
000298
000299
000300
000301
000302
000303
000304
000305
000306
000307
000308
000309
000310
000311
000312
000313
000314
000315
000316
000317
000318
000319
000320
000321
000322
000323
000324
000325
000326
000327
000328
000329
000330
000331
000332
000333
000334
000335
000336
000337
000338
000339
000340
000341
000342
000343
000344
000345
000346
000347
000348
000349
000350
000351
000352
000353
000354
000355
000356
000357
000358
000359
000360
000361
000362
000363
000364
000365
000366
000367
000368
000369
000370
000371
000372
000373
000374
000375
000376
000377
000378
000379
000380
000381
000382
000383
000384
000385
000386
000387
000388
000389
000390
000391
000392
000393
000394
000395
000396
000397
000398
000399
000400
000401
000402
000403
000404
000405
000406
000407
000408
000409
000410
000411
000412
000413
000414
000415
000416
000417
000418
000419
000420
000421
000422
000423
000424
000425
000426
000427
000428
000429
000430
000431
000432
000433
000434
000435
000436
000437
000438
000439
000440
000441
000442
000443
000444
000445
000446
000447
000448
000449
000450
000451
000452
000453
000454
000455
000456
000457
000458
000459
000460
000461
000462
000463
000464
000465
000466
000467
000468
000469
000470
000471
000472
000473
000474
000475
000476
000477
000478
000479
000480
000481
000482
000483
000484
000485
000486
000487
000488
000489
000490
000491
000492
000493
000494
000495
000496
000497
000498
000499
000500
000501
000502
000503
000504
000505
000506
000507
000508
000509
000510
000511
000512
000513
000514
000515
000516
000517
000518
000519
000520
000521
000522
000523
000524
000525
000526
000527
000528
000529
000530
000531
000532
000533
000534
000535
000536
000537
000538
000539
000540
000541
000542
000543
000544
000545
000546
000547
000548
000549
000550
000551
000552
000553
000554
000555
000556
000557
000558
000559
000560
000561
000562
000563
000564
000565
000566
000567
000568
000569
000570
000571
000572
000573
000574
000575
000576
000577
000578
000579
000580
000581
000582
000583
000584
000585
000586
000587
000588
000589
000590
000591
000592
000593
000594
000595
000596
000597
000598
000599
000600
000601
000602
000603
000604
000605
000606
000607
000608
000609
000610
000611
000612
000613
000614
000615
000616
000617
000618
000619
000620
000621
000622
000623
000624
000625
000626
000627
000628
000629
000630
000631
000632
000633
000634
000635
000636
000637
000638
000639
000640
000641
000642
000643
000644
000645
000646
000647
000648
000649
000650
000651
000652
000653
000654
000655
000656
000657
000658
000659
000660
000661
000662
000663
000664
000665
000666
000667
000668
000669
000670
000671
000672
000673
000674
000675
000676
000677
000678
000679
000680
000681
000682
000683
000684
000685
000686
000687
000688
000689
000690
000691
000692
000693
000694
000695
000696
000697
000698
000699
000700
000701
000702
000703
000704
000705
000706
000707
000708
000709
000710
000711
000712
000713
000714
000715
000716
000717
000718
000719
000720
000721
000722
000723
000724
000725
000726
000727
000728
000729
000730
000731
000732
000733
000734
000735
000736
000737
000738
000739
000740
000741
000742
000743
000744
000745
000746
000747
000748
000749
000750
000751
000752
000753
000754
000755
000756
000757
000758
000759
000760
000761
000762
000763
000764
000765
000766
000767
000768
000769
000770
000771
000772
000773
000774
000775
000776
000777
000778
000779
000780
000781
000782
000783
000784
000785
000786
000787
000788
000789
000790
000791
000792
000793
000794
000795
000796
000797
000798
000799
000800
000801
000802
000803
000804
000805
000806
000807
000808
000809
000810
000811
000812
000813
000814
000815
000816
000817
000818
000819
000820
000821
000822
000823
000824
000825
000826
000827
000828
000829
000830
000831
000832
000833
000834
000835
000836
000837
000838
000839
000840
000841
000842
000843
000844
000845
000846
000847
000848
000849
000850
000851
000852
000853
000854
000855
000856
000857
000858
000859
000860
000861
000862
000863
000864
000865
000866
000867
000868
000869
000870
000871
000872
000873
000874
000875
000876
000877
000878
000879
000880
000881
000882
000883
000884
000885
000886
000887
000888
000889
000890
000891
000892
000893
000894
000895
000896
000897
000898
000899
000900
000901
000902
000903
000904
000905
000906
000907
000908
000909
000910
000911
000912
000913
000914
000915
000916
000917
000918
000919
000920
000921
000922
000923
000924
000925
000926
000927
000928
000929
000930
000931
000932
000933
000934
000935
000936
000937
000938
000939
000940
000941
000942
000943
000944
000945
000946
000947
000948
000949
000950
000951
000952
000953
000954
000955
000956
000957
000958
000959
000960
000961
000962
000963
000964
000965
000966
000967
000968
000969
000970
000971
000972
000973
000974
000975
000976
000977
000978
000979
000980
000981
000982
000983
000984
000985
000986
000987
000988
000989
000990
000991
000992
000993
000994
000995
000996
000997
000998
000999
001000
001001
001002
001003
001004
001005
001006
001007
001008
001009
001010
001011
001012
001013
001014
001015
001016
001017
001018
001019
001020
001021
001022
001023
001024
001025
001026
001027
001028
001029
001030
001031
001032
001033
001034
001035
001036
001037
001038
001039
001040
001041
001042
001043
001044
001045
001046
001047
001048
001049
001050
001051
001052
001053
001054
001055
001056
001057
001058
001059
001060
001061
001062
001063
001064
001065
001066
001067
001068
001069
001070
001071
001072
001073
001074
001075
001076
001077
001078
001079
001080
001081
001082
001083
001084
001085
001086
001087
001088
001089
001090
001091
001092
001093
001094
001095
001096
001097
001098
001099
001100
001101
001102
001103
001104
001105
001106
001107
001108
001109
001110
001111
001112
001113
001114
001115
001116
001117
001118
001119
001120
001121
001122
001123
001124
001125
001126
001127
001128
001129
001130
001131
001132
001133
001134
001135
001136
001137
001138
001139
001140
001141
001142
001143
001144
001145
001146
001147
001148
001149
001150
001151
001152
001153
001154
001155
001156
001157
001158
001159
001160
001161
001162
001163
001164
001165
001166
001167
001168
001169
001170
001171
001172
001173
001174
001175
001176
001177
001178
001179
001180
001181
001182
001183
001184
001185
001186
001187
001188
001189
001190
001191
